20170101
20170102
20170107
20170108
20170114
20170115
20170121
20170127
20170128
20170129
20170130
20170131
20170201
20170202
20170205
20170211
20170212
20170218
20170219
20170225
20170226
20170304
20170305
20170311
20170312
20170318
20170319
20170325
20170326
20170402
20170403
20170404
20170408
20170409
20170415
20170416
20170422
20170423
20170429
20170430
20170501
20170506
20170507
20170513
20170514
20170520
20170521
20170528
20170529
20170530
20170603
20170604
20170610
20170611
20170617
20170618
20170624
20170625
20170701
20170702
20170708
20170709
20170715
20170716
20170722
20170723
20170729
20170730
20170805
20170806
20170812
20170813
20170819
20170820
20170826
20170827
20170902
20170903
20170909
20170910
20170916
20170917
20170923
20170924
20171001
20171002
20171003
20171004
20171005
20171006
20171007
20171008
20171014
20171015
20171021
20171022
20171028
20171029
20171104
20171105
20171111
20171112
20171118
20171119
20171125
20171126
20171202
20171203
20171209
20171210
20171216
20171217
20171223
20171224
20171230
20171231
20180101
20180106
20180107
20180113
20180114
20180120
20180121
20180127
20180128
20180203
20180204
20180210
20180215
20180216
20180217
20180218
20180219
20180220
20180221
20180225
20180303
20180304
20180310
20180311
20180317
20180318
20180324
20180325
20180331
20180401
20180405
20180406
20180407
20180414
20180415
20180421
20180422
20180429
20180430
20180501
20180505
20180506
20180512
20180513
20180519
20180520
20180526
20180527
20180602
20180603
20180609
20180610
20180616
20180617
20180618
20180623
20180624
20180630
20180701
20180707
20180708
20180714
20180715
20180721
20180722
20180728
20180729
20180804
20180805
20180811
20180812
20180818
20180819
20180825
20180826
20180901
20180902
20180908
20180909
20180915
20180916
20180922
20180923
20180924
20181001
20181002
20181003
20181004
20181005
20181006
20181007
20181013
20181014
20181020
20181021
20181027
20181028
20181103
20181104
20181110
20181111
20181117
20181118
20181124
20181125
20181201
20181202
20181208
20181209
20181215
20181216
20181222
20181223
20181229
20181230
